tree
version=v4
num_class=1
num_tree_per_iteration=1
label_index=0
max_feature_idx=36
objective=binary sigmoid:1
feature_names=tx_count spend_sum spend_abs_sum spend_mean spend_std spend_max spend_min unique_companies unique_categories is_preferred is_managed is_noncompliant_t is_unmanaged_t tx_count_lag1 tx_count_lag2 tx_count_lag3 spend_sum_lag1 spend_sum_lag2 spend_sum_lag3 spend_abs_sum_lag1 spend_abs_sum_lag2 spend_abs_sum_lag3 tx_count_delta_1m spend_sum_delta_1m tx_count_mean_3m tx_count_std_3m tx_count_cv_3m spend_sum_mean_3m spend_sum_std_3m spend_sum_cv_3m spend_abs_sum_mean_3m spend_abs_sum_std_3m spend_abs_sum_cv_3m months_since_noncompliant noncompliant_last_3m vendor_country vendor_type
feature_infos=[1:14206] [-852566.72999999998:13944811.26] [0.02:14384364.959999999] [-16296:2263611.0833333335] [0:3012954.0974787814] [-16296:5692663.3300000001] [-1242172.8:1133333] [1:11] [1:4] none [0:1] [0:1] [0:1] [1:14206] [1:14206] [1:10971] [-21479.66:13944811.26] [-13630.339999999998:13655841.84] [-8266:9202592.9900000002] [3.7999999999999998:14384364.959999999] [3.7999999999999998:14384364.959999999] [3.7999999999999998:12163184.57] [-2736:4411] [-3283692.21:5315037.8300000001] [1:12354] [0:2730.6183060496264] [0:1.6533212254067065] [-8619.876666666667:12267748.696666665] [0:3086814.8861190816] [-5.9607281863418464:3.4993403348802654] [29.960000000000001:13568733.390000001] [0:2902953.7391185551] [0:1.7237966602230186] [0:999] [0:3] -1:13:1:8:10:9:4:11:2:3:5:0:6 -1:14:21:16:9:22:19:4:23:5:8:7:18:11:3:20:12:1:15:0:17:2:24:6:10:13
tree_sizes=661 1427 1431 1432 1213 1427 1315 3078 2734 2506 2610 2282 1735 1626 1310 1520 1627 1519 2061 1417 1631 1302 1410 1323 1622 1528 1197 887 1521 1432 1878 1093 1409 1409 1196 1295 1094 2333 1098 1863 1192 991 1009

Tree=0
num_leaves=5
num_cat=0
split_feature=16 14 4 12
split_gain=1.61478e+06 531880 243065 87732.8
threshold=1999.0500000000004 352.00000000000006 207.69585667053079 1.0000000180025095e-35
decision_type=2 8 2 2
left_child=1 -1 -3 -4
right_child=-2 2 3 -5
leaf_value=-7.3683188895415919 -7.3879269909947922 -7.3596784985353212 -7.3545015109759984 49.88891270327138
leaf_weight=0.51466092141345177 2.7271260530687869 0.20060880249366198 0.067937805317342614 3.0807549711316824
leaf_count=803 4255 313 106 135
internal_value=23.3963 40.6639 46.3515 48.9507
internal_weight=6.59109 3.86396 3.3493 3.14869
internal_count=5612 1357 554 241
is_linear=0
shrinkage=1


Tree=1
num_leaves=12
num_cat=0
split_feature=3 3 16 14 12 4 4 19 14 6 19
split_gain=531013 321260 6053.03 2604.21 1141.85 510.527 52.4275 27.724 5.12407 0.420883 0.281481
threshold=220.13878757663051 214.02840277777781 1999.0500000000004 58.500000000000007 1.0000000180025095e-35 150.31810860295306 212.8524527809827 2027.6500000000003 1.0000000180025095e-35 22.235000000000003 137.66000000000003
decision_type=2 2 2 8 2 2 2 2 10 2 2
left_child=1 6 3 -2 -5 -6 -1 8 9 10 -8
right_child=2 -3 -4 4 5 -7 7 -9 -10 -11 -12
leaf_value=-0.015704977280149551 -0.011506707775953626 39.380383518565182 -0.03469716910294323 -0.0043394306805649759 -0.0018083805523298397 -5.9924460769157921 -6.3848140580152692e-05 -0.006603720833381079 -0.0011694082230691411 -9.5711140151842448e-05 -0.79429399412776203
leaf_weight=0.45751886861398794 0.2986828348366547 0.97595003357855603 2.2627949531888589 0.094970350968651474 0.037500033038668334 0.001271187560632824 0.0012777771335095167 0.15206407016376033 0.023932817159220576 0.0019166657002642759 0.0076666628010571003
leaf_count=731 474 23 3662 149 59 124 2 246 38 3 28
internal_value=13.3282 29.3786 -1.66021 -4.20381 -5.29811 -5.77792 -0.506112 -0.681925 -0.774783 -0.791942 -0.793351
internal_weight=4.31555 1.62033 2.69522 0.432424 0.133742 0.0387712 0.644377 0.186858 0.0347939 0.0108611 0.00894444
internal_count=5539 1071 4468 806 332 183 1048 317 71 33 30
is_linear=0
shrinkage=0.05


Tree=2
num_leaves=12
num_cat=0
split_feature=16 23 4 12 14 3 3 5 3 14 3
split_gain=6324.3 3432.07 2295.5 676.713 57.3538 56.3225 28.2907 2.87797 1.65121 0.430712 0.256363
threshold=1999.0500000000004 1318.0350000000003 191.97077630956272 1.0000000180025095e-35 1.0000000180025095e-35 220.13878757663051 208.97750000000002 338.53000000000003 214.02840277777781 8.5000000000000018 227.99823333333336
decision_type=2 8 2 2 10 2 2 2 2 8 2
left_child=1 7 -3 -4 -5 6 -2 8 -1 -8 -10
right_child=5 2 3 4 -6 -7 9 -9 10 -11 -12
leaf_value=-0.005719172699378142 -0.012041091327270808 -0.091825257428399115 -0.096765385942608473 -6.8415011247627353 -0.00015553832144925116 -0.034514416919464073 -0.00018248789710914571 -0.012473772089109108 -0.24975117592132615 -0.59565197460125408 -0.00085768931019443754
leaf_weight=0.12906631978694461 0.31695853930432322 0.19559714598588226 0.069212712463947668 0.0012514044065029808 0.0031185199040919542 2.224517238966655 0.0036608827067539226 0.33212533954065293 0.001245864667060558 0.0079689438771574517 0.017442105337977409
leaf_count=208 519 315 117 140 5 3727 6 533 7 26 28
internal_value=-1.87469 -4.1951 -5.56538 -6.47708 -6.82041 -0.204816 -0.463981 -0.185156 -0.224257 -0.593677 -0.246332
internal_weight=3.30217 0.749059 0.26918 0.0735826 0.00436992 2.55311 0.328588 0.47988 0.147754 0.0116298 0.018688
internal_count=5631 1353 577 262 145 4278 551 776 243 32 35
is_linear=0
shrinkage=0.05


Tree=3
num_leaves=12
num_cat=0
split_feature=16 23 4 12 3 15 3 5 3 14 3
split_gain=5545.98 3022.69 1859.54 462.939 55.8683 30.1076 28.2789 2.8155 1.69682 0.43343 0.219642
threshold=1999.0500000000004 1318.0350000000003 191.97077630956272 1.0000000180025095e-35 220.13878757663051 2.5000000000000004 208.97750000000002 338.53000000000003 214.02840277777781 8.5000000000000018 238.42750000000004
decision_type=2 8 2 2 2 10 2 2 2 8 2
left_child=1 7 -3 -4 6 -5 -2 8 -1 -8 -10
right_child=4 2 3 5 -6 -7 9 -9 10 -11 -12
leaf_value=-0.0058589523791902631 -0.011967821001043051 -0.092310306845859974 -0.09705916176343754 -6.3920994149580501 -0.034110265681496083 -9.3631633296437601e-05 -0.00018245473484390648 -0.012252631336917114 -0.24955792437800262 -0.59740893708604792 -0.00073634496869590257
leaf_weight=0.13263971020933296 0.31442642287584038 0.18186860987546427 0.062529655522694169 0.0012457426483043618 2.1427932090591639 0.001874970446806401 0.0036602156469598282 0.32433093938743696 0.0022155872430520409 0.0047334685586674771 0.014937575440853834
leaf_count=215 521 321 117 137 3716 3 6 527 9 27 24
internal_value=-1.81729 -3.99973 -5.30043 -6.10264 -0.208723 -6.38025 -0.465786 -0.185684 -0.223948 -0.595422 -0.246628
internal_weight=3.18726 0.721643 0.247519 0.0656504 2.46561 0.00312071 0.32282 0.474124 0.149793 0.00839368 0.0171532
internal_count=5623 1353 578 257 4270 140 554 775 248 33 33
is_linear=0
shrinkage=0.05


Tree=4
num_leaves=10
num_cat=0
split_feature=16 23 4 12 3 3 3 3 14
split_gain=5795.71 3349.32 1800.31 340.704 66.5598 33.4513 2.47476 2.26026 0.346825
threshold=1999.0500000000004 1318.0350000000003 191.97077630956272 1.0000000180025095e-35 220.13878757663051 208.97750000000002 220.13878757663051 202.86202380952383 8.5000000000000018
decision_type=2 8 2 2 2 2 2 2 8
left_child=1 6 -3 -4 5 -2 7 -1 -7
right_child=4 2 3 -5 -6 8 -8 -9 -10
leaf_value=-0.0075874966812362818 -0.011805856586758375 -0.092929120699567824 -0.097515561489937314 -6.5418585554291697 -0.033811126849443741 -0.00012194680175415299 -0.011393978876338104 -0.2493900261647081 -0.64855112923381542
leaf_weight=0.17876844585407509 0.30885985400527777 0.16481108598625993 0.052314881235391068 0.0012541067749379303 2.0849476875155233 0.0024434009101242096 0.29490252013783902 0.0030596694560822693 0.0024206675668049515
leaf_count=292 518 320 108 142 3741 4 486 10 27
internal_value=-1.9065 -4.15004 -5.54911 -6.31442 -0.226559 -0.506724 -0.185444 -0.219234 -0.647096
internal_weight=3.09378 0.695111 0.21838 0.053569 2.39867 0.313724 0.476731 0.181828 0.00486407
internal_count=5648 1358 570 250 4290 549 788 302 31
is_linear=0
shrinkage=0.05


Tree=5
num_leaves=12
num_cat=0
split_feature=16 23 4 10 3 3 32 5 3 14 17
split_gain=6005.79 3638.84 1630.17 348.816 55.5492 27.6206 1.59562 0.505876 0.320735 0.218604 0.0427785
threshold=1999.0500000000004 1318.0350000000003 191.97077630956272 1.0000000180025095e-35 220.13878757663051 208.97750000000002 0.62833235388445985 338.53000000000003 214.02840277777781 8.5000000000000018 359.56
decision_type=2 8 2 2 2 2 8 2 2 8 8
left_child=1 6 -3 -4 5 -2 7 8 -1 -7 -10
right_child=4 2 3 -5 -6 9 -8 -9 10 -11 -12
leaf_value=-0.0020381776765192039 -0.011578397368105169 -0.09361920417176664 -6.6405725812835641 -0.097543544960636719 -0.033381657097353003 -9.1366270514622237e-05 -0.012648695589590746 -0.0035179875420766477 -0.00026865319789010788 -0.59935817796541935 -0.19975986006413679
leaf_weight=0.042468925152207015 0.30112005438422818 0.14636415774285633 0.0014304435660051342 0.051692541776025225 2.0054689502576366 0.0018295514164492757 0.33836810971843079 0.075636006222339347 0.0053988136933185151 0.0011683228466949636 0.0016037994938562505
leaf_count=70 511 312 145 118 3722 3 562 126 9 25 7
internal_value=-1.96315 -4.25937 -5.71909 -6.41203 -0.216203 -0.471748 -0.152505 -0.183324 -0.192931 -0.598356 -0.198957
internal_weight=2.97255 0.662963 0.199487 0.053123 2.30959 0.304118 0.463476 0.125108 0.0494715 0.00299787 0.00700261
internal_count=5610 1349 575 263 4261 539 774 212 86 28 16
is_linear=0
shrinkage=0.05


Tree=6
num_leaves=11
num_cat=0
split_feature=16 23 4 3 23 3 3 3 0 4
split_gain=6071.4 3573.8 1521.83 65.4391 49.054 32.64 2.38763 2.21539 0.360626 0.0390261
threshold=1999.0500000000004 1318.0350000000003 191.97077630956272 220.13878757663051 1406.3450000000003 208.97750000000002 220.13878757663051 196.59030303030303 8.5000000000000018 191.97077630956272
decision_type=2 8 2 2 10 2 2 2 2 2
left_child=1 6 -3 5 -4 -2 7 -1 -7 -9
right_child=3 2 4 -5 -6 8 -8 9 -10 -11
leaf_value=-0.0074550482709796334 -0.011511427062946817 -0.094037346137601688 -6.4944090196241433 -0.033017698059827211 -0.00014770051898151907 -0.0001266685851184506 -0.01096449005867688 -0.24966356373838972 -0.64884895552134048 -0.00013067037074303894
leaf_weight=0.17510358698200479 0.29886044852901278 0.13546677887067271 0.039660371734687602 1.9412603709497487 0.0029615046401370157 0.0025383161882928237 0.28067119358456694 0.0016852558475612947 0.0019221608173772137 0.0026188581832684577
leaf_count=291 513 317 242 3725 12 6 473 8 29 5
internal_value=-2.03315 -4.3536 -5.82206 -0.234942 -6.4761 -0.510369 -0.186988 -0.219581 -0.647336 -0.249143
internal_weight=2.88275 0.638168 0.178089 2.24458 0.0426219 0.303321 0.460079 0.179408 0.00446048 0.00430411
internal_count=5621 1348 571 4273 254 548 777 304 35 13
is_linear=0
shrinkage=0.05


Tree=7
num_leaves=27
num_cat=0
split_feature=16 23 4 23 4 0 4 5 29 5 13 5 14 14 8 7 29 1 17 17 16 24 17 4 24 23
split_gain=5990.7 3550.91 1345.04 40.7633 29.1602 21.825 4.10889 2.80413 2.18466 2.07479 1.65194 1.31553 0.88712 0.868261 0.666152 0.540701 0.484552 0.45734 0.453901 0.264984 0.141858 0.142253 0.0919005 0.052652 0.0264378 0.024677
threshold=1999.0500000000004 1318.0350000000003 191.97077630956272 1406.3450000000003 566.33960854283794 8.5000000000000018 136.83941685298649 338.53000000000003 0.67103797781656949 5122.0300000000016 9.5000000000000018 209.81000000000003 2348.0000000000005 9.5000000000000018 1.5000000000000002 5.5000000000000009 0.086312863100552764 1901.3100000000002 1922.5250000000003 388.58500000000009 2172.3400000000006 13.16666666666667 1744.1400000000001 158.93698058800342 2.1666666666666674 221.09
decision_type=2 8 2 10 2 2 2 2 10 2 2 2 10 8 2 2 8 2 8 10 2 8 10 2 8 8
left_child=1 7 -3 -4 5 -2 -7 11 9 10 -8 -1 13 -12 15 16 -15 -18 -19 -13 -20 -22 23 24 -21 -26
right_child=4 2 3 -5 -6 6 8 -9 -10 -11 12 19 -14 14 -16 -17 17 18 20 22 21 -23 -24 -25 25 -27
leaf_value=-0.0047436916725166357 -0.015263587411368823 -0.094418820779689203 -6.3961510257670922 -0.00012656528823090627 -0.029132754209554246 -0.0028116347858853905 -0.0010068006370737576 -0.012080479444896085 -0.0014357845867873317 -0.0013065681445348393 -0.00051162519699711549 -0.00092203709755405089 -0.00053193541772955449 -0.0002763037374201146 -0.00038751631070230863 -0.00031125871453915345 -0.00025847154694672633 -0.00025425953077960289 -7.9278695879860255e-05 -8.9757325756326659e-05 -7.9278695879904599e-05 -0.52633105754791054 -0.00031562499010024693 -0.00017947361248356005 -0.24868907545779312 -8.3497331447769503e-05
leaf_weight=0.10474928238545556 0.43908622154049282 0.12570494763967299 0.054894032002710272 0.0025366534608923649 1.3944109969306735 0.059547658544033766 0.020538709359243512 0.3183347434096504 0.029548208060077741 0.026817410054718493 0.01033282934804447 0.018775869975797832 0.010746943124104291 0.0055536659201607125 0.007806486950357793 0.0062605756102129808 0.0051932772039435795 0.0051082599093206235 0.0015872463118284932 0.0017975362134166071 0.0015872463118284932 0.15466801608643066 0.0063488601008430115 0.0036002322449348876 0.0065988666612797333 0.0016717938415240505
leaf_count=176 856 323 248 10 2762 106 39 541 56 50 20 32 19 10 15 11 9 9 3 4 3 304 11 6 16 3
internal_value=-2.04921 -4.33236 -5.79281 -6.38093 -0.223039 -0.358241 -0.458839 -0.18682 -0.477772 -0.487834 -0.497384 -0.224899 -0.504985 -0.509066 -0.513059 -0.516122 -0.518609 -0.520836 -0.522939 -0.242532 -0.525025 -0.525677 -0.246076 -0.247304 -0.248007 -0.24836
internal_weight=2.82381 0.645013 0.183136 0.0574307 2.17879 0.784383 0.345297 0.461877 0.285749 0.256201 0.229383 0.143542 0.208845 0.198098 0.187765 0.179958 0.173698 0.168144 0.162951 0.0387932 0.157843 0.156255 0.0200173 0.0136684 0.0100682 0.00827066
internal_count=5642 1370 581 258 4272 1510 654 789 548 492 442 248 403 384 364 349 338 328 319 72 310 307 40 29 23 19
is_linear=0
shrinkage=0.05


Tree=8
num_leaves=24
num_cat=0
split_feature=6 16 14 2 23 6 20 16 3 24 21 3 4 4 19 31 2 2 0 14 21 0 17
split_gain=4547.96 1541.89 302.984 179.611 147.602 102.966 60.8073 31.7692 17.7151 13.3597 8.93284 8.73652 6.87982 0.769931 0.489895 0.127133 0.103568 0.0895792 0.0597085 0.0443187 0.0370499 0.0219357 0.0158404
threshold=251.99500000000003 2879.6150000000002 6.5000000000000009 374.93500000000006 -3149.6000000000017 523.70000000000016 1405.8300000000002 1742.2400000000002 220.13878757663051 5.5000000000000009 341.44000000000005 208.97750000000002 289.07332382405508 196.79640758532631 332.36000000000007 308.3804412037054 1841.7950000000003 213.46000000000004 2.5000000000000004 4.5000000000000009 529.97500000000014 8.5000000000000018 940.34000000000003
decision_type=2 2 8 2 8 2 8 2 2 8 8 2 2 2 2 10 2 2 2 10 8 2 8
left_child=1 2 13 -4 -5 -2 -6 12 11 -8 -11 -3 -7 14 -1 17 -14 -16 -13 20 -19 22 -22
right_child=5 8 3 4 6 7 9 -9 -10 10 -12 18 16 -15 15 -17 -18 19 -20 -21 21 -23 -24
leaf_value=-0.0034190178416551331 0.042213244032144458 -0.0091534452356671608 -0.0028505704140331144 -0.0022586817007247198 -0.00092751856034434504 -0.0038225805262277119 -0.00020456288045262369 -0.019134687370913905 -0.025374290098539476 -0.0001365191781720518 -2.9091081111371597 -6.2435936706680924e-05 -5.794802803278163e-05 -0.006199783175339894 -0.00058830914076103398 -0.00085682447939019145 -0.52543436102501795 -0.0002377458088208708 -0.39947293183608462 -0.00028740795937083152 -0.19904110194512581 -0.0001398760865642001 -0.00010054614744605344
leaf_weight=0.073353004583635611 31.218531167930671 0.22395217430312192 0.060431278239208353 0.047282738378271461 0.018889882368966604 0.08273493502659568 0.0041056435438800989 0.61944517641677521 1.0293859057710504 0.0027363469707778467 1.1153022162396742 0.0012495586524892124 0.0011596314143389455 0.14145593836714823 0.011899326258571818 0.017425203608581796 0.13159362856659507 0.0047747662756592027 0.0015082618095319522 0.0057780147471930823 0.0064349725006140899 0.0028037797019351282 0.0020139232510700813
leaf_count=125 351 457 155 84 33 173 7 1255 2145 5 429 3 2 256 21 31 39 8 24 10 16 5 4
internal_value=-0.170448 -1.81301 -2.53456 -2.73944 -2.81371 0.0220941 -2.87475 -0.343207 -0.205149 -2.89989 -2.90541 -0.335321 -0.492621 -0.168495 -0.183398 -0.192705 -0.524948 -0.19511 -0.399037 -0.1968 -0.197634 -0.198331 -0.198744
internal_weight=34.8242 2.77078 1.51469 1.24875 1.18832 32.0535 1.14103 0.834933 1.2561 1.12214 1.11804 0.22671 0.215488 0.265939 0.124483 0.05113 0.132753 0.0337048 0.00275782 0.0218055 0.0160274 0.0112527 0.0084489
internal_count=5638 3818 1189 713 558 1820 474 1469 2629 441 434 484 214 476 220 95 41 64 27 43 33 25 20
is_linear=0
shrinkage=0.05


Tree=9
num_leaves=22
num_cat=0
split_feature=6 3 3 0 4 16 16 4 5 4 32 5 19 20 15 30 14 7 17 3 16
split_gain=684.795 247.134 159.372 114.434 50.1402 27.5381 22.3437 13.7565 9.73963 9.52623 8.08168 6.41554 4.31889 3.20947 2.4283 2.2589 1.65786 1.31657 0.601169 0.277875 0.0985596
threshold=251.99500000000003 220.13878757663051 162.09764436105903 4.5000000000000009 226.51812181920459 1742.2400000000002 1999.0500000000004 643.21068782251734 209.81000000000003 207.69585667053079 0.67102256996129472 4915.4650000000011 2027.6500000000003 1032995.1550000001 1299.0000000000002 409.38333333333338 1.0000000180025095e-35 5.5000000000000009 47.560000000000009 157.24600000000001 1034.8900000000001
decision_type=2 2 2 2 2 2 2 2 2 2 10 2 2 8 10 8 10 2 10 2 2
left_child=1 2 4 5 19 9 13 20 -4 -2 11 14 18 -3 15 -10 -11 -17 -6 -1 -5
right_child=3 6 8 7 12 -7 -8 -9 10 16 -12 -13 -14 -15 -16 17 -18 -19 -20 -21 -22
leaf_value=-0.011322381144179149 -0.0052348389618236853 -0.00608166486665262 -0.00066870785542742274 -0.14303039490763211 -0.49440764719936525 -0.016960192870200879 -0.025325764538219605 0.046662353741748736 -0.00014786454350242031 -0.53238476467310569 -0.00054372295670986656 -0.00042478070775810964 -0.0028107565065655631 -0.29650975559181514 -0.00015984404683799949 -1.4354091186414457 -0.0008980633571503933 -8.5901235182768323e-05 -0.0003856198269937213 0.020929800413975113 -0.0020011130002381885
leaf_weight=0.29253899768284941 0.11687325506960583 0.13838667576057359 0.013548053761041901 0.036297685699541282 0.010271408210506539 0.51294657774269581 1.0254253444400081 29.949686148524052 0.0029642974841408215 0.20166940073748257 0.010987781264946483 0.0085634925544582075 0.059532115517868078 13.499879407529589 0.0032053680042736224 0.046103654095202971 0.018280378921190277 0.0017199925496242932 0.0077677687186223912 0.74217885483085411 0.04166909263644536
leaf_count=658 242 273 27 4 14 1052 2256 366 5 26 22 16 132 180 6 170 39 3 16 15 85
internal_value=-0.119825 -0.376102 -0.902372 0.0195031 -0.227726 -0.363381 -0.278196 0.0417008 -1.38317 -0.483618 -1.4 -1.41396 -0.466654 -0.29418 -1.42504 -1.42923 -0.525157 -1.43314 -0.491017 0.0107282 -0.139435
internal_weight=46.7405 15.8631 1.19938 30.8774 1.11229 0.84977 14.6637 30.0277 0.0870926 0.336823 0.0735446 0.0625568 0.0775713 13.6383 0.0539933 0.0507879 0.21995 0.0478236 0.0180392 1.03472 0.0779668
internal_count=5607 3793 1084 1814 835 1359 2709 455 249 307 222 200 162 453 184 178 65 173 30 673 89
is_linear=0
shrinkage=0.05


Tree=10
num_leaves=23
num_cat=0
split_feature=3 2 6 6 32 16 14 16 3 4 19 26 0 17 19 6 16 19 5 4 1 5
split_gain=516.4 328.383 264.563 103.456 29.5444 26.8145 12.9041 12.1045 5.90802 5.60582 4.85228 4.09011 2.83067 1.54409 1.37483 0.29079 29.967 0.417714 0.166302 0.13828 0.0824715 0.0193049
threshold=220.13878757663051 529.28000000000009 251.99500000000003 523.70000000000016 0.66878822273350591 1742.2400000000002 2536.5000000000005 1999.0500000000004 183.26596500000002 289.07332382405508 269.50000000000006 0.71740902656084737 4516.5000000000009 88.800000000000011 705810.66000000003 500.12000000000006 1517.9650000000004 898.23000000000013 375.77000000000004 226.51812181920459 1851.6000000000001 209.81000000000003
decision_type=2 2 2 2 10 2 10 2 2 2 2 10 2 8 2 2 2 2 2 2 2 2
left_child=1 8 7 15 6 9 10 19 18 -5 -3 12 13 -12 -15 16 17 -4 -1 -2 -11 -10
right_child=2 4 3 5 -6 -7 -8 -9 21 20 11 -13 -14 14 -16 -17 -18 -19 -20 -21 -22 -23
leaf_value=-0.0072877354224230757 -0.00054698883813498978 -0.00030548560317457786 -0.0017511672639201623 -0.0038653594840870526 -0.0019195388036539274 -0.01892313418321049 -0.00081925269123541062 -0.024845551060662899 -0.0003307144017078506 -5.7892754158596176e-05 -9.5567399384002989e-05 -0.00025533985478834914 -0.00017572806313060762 -1.4741685866596157 -8.486260069502992e-05 0.047079003045185343 0.046401280363126525 -0.22962351141357021 0.020892508766121882 -0.23378782744690185 -0.47502721424290928 -0.14903182040846283
leaf_weight=0.17052025350821198 0.011054818454986015 0.0061438107974312031 0.036274088698610207 0.083738619312699714 0.039900011813700287 0.60844036724301986 0.016648407297907397 0.98681695749291876 0.0066550075134728512 0.001158524537459015 0.0019141491211483908 0.0051304386142874128 0.0035250963410362593 0.19129290284744283 0.001699172251392155 14.222464575228514 14.329452896285389 0.076986099880159531 0.72161703580059111 16.473099286694612 0.33371928293286163 0.0054382677955225481
leaf_count=365 29 24 74 176 79 1261 30 2219 14 2 5 13 7 521 3 22 229 30 4 431 39 13
internal_value=-0.111627 -0.867389 -0.0752504 0.0166365 -1.38986 -0.329659 -1.43345 -0.22386 -0.0644548 -0.449593 -1.45249 -1.45965 -1.46569 -1.46986 -1.47214 0.0397385 0.0299293 -0.223772 0.0145013 -0.233672 -0.474658 -0.148381
internal_weight=48.3337 1.17048 47.1632 29.6922 0.266254 1.02706 0.226354 17.471 0.904231 0.418616 0.209706 0.203562 0.198431 0.194906 0.192992 28.6652 14.4427 0.11326 0.892137 16.4842 0.334878 0.0120933
internal_count=5590 1078 4512 1833 682 1478 603 2679 396 217 573 549 536 529 524 355 333 104 369 460 41 27
is_linear=0
shrinkage=0.05


Tree=11
num_leaves=20
num_cat=0
split_feature=3 2 0 0 32 4 14 14 3 19 7 4 4 19 5 4 13 5 4
split_gain=474.561 331.094 119.515 70.837 29.9613 14.8872 12.1612 7.58649 5.83233 4.65037 3.02047 2.04383 1.7124 1.07789 0.168313 0.0638647 0.0170056 0.0137961 0.00375434
threshold=220.13878757663051 529.28000000000009 5.5000000000000009 6.5000000000000009 0.67102256996129472 654.40179505015215 2536.5000000000005 40.500000000000007 188.75333333333339 6518.8700000000008 5.5000000000000009 207.69585667053079 27.352618591095602 137.66000000000003 375.77000000000004 281.87702075899341 6.5000000000000009 209.81000000000003 1266.4141029694831
decision_type=2 2 2 2 10 2 10 8 2 2 2 2 2 2 2 2 2 2 2
left_child=1 8 7 5 6 -4 10 -2 14 15 12 -9 -3 -14 -1 -5 18 -10 -7
right_child=2 4 3 9 -6 16 -8 11 17 -11 -12 -13 13 -15 -16 -17 -18 -19 -20
leaf_value=-0.0074656262469564158 -0.01911957206242652 -0.000106738304710693 0.04065071693946589 -0.00049986150651773248 -0.0019203483549170642 -0.0003214921712229213 -0.00076373346791929831 -0.0068985408287087456 -0.00023671603674589004 -0.02208374321299602 -0.0001888755917825047 -0.23579003218240913 -6.7064237709523906e-05 -1.4685291773630844 0.020637216236381956 -0.18540019059037338 -0.0014445751627526848 -0.1489737845300235 -0.11288742095800899
leaf_weight=0.17541392620279328 0.61866138608215981 0.002138619219294923 13.950639702133129 0.01009348076496408 0.039917669769309883 0.0064681987318225822 0.015502692709560506 0.15997160169574876 0.0047544912667944698 0.79042133505572554 0.0037905792123638085 12.238582339984584 0.0013423697493270817 0.22116143306300487 0.70676421180542093 4.8886058832168562 0.029736550312009058 0.0053352358232815807 0.79469011237307385
leaf_count=379 1299 13 42 31 79 15 28 380 10 1746 19 525 8 515 4 341 64 11 91
internal_value=-0.162879 -0.882307 -0.112762 -0.0339276 -1.39926 0.025558 -1.44256 -0.225471 -0.0652967 -0.169199 -1.46013 -0.233572 -1.4645 -1.46697 0.0140516 -0.185169 -0.111644 -0.148508 -0.112662
internal_weight=34.664 1.17612 33.4879 20.4707 0.283853 14.7815 0.243936 13.0172 0.892268 5.68912 0.228433 12.3986 0.224642 0.222504 0.882178 4.8987 0.830895 0.0100897 0.801158
internal_count=5600 1066 4534 2330 662 212 583 2204 404 2118 555 905 536 523 383 372 170 21 106
is_linear=0
shrinkage=0.05


Tree=12
num_leaves=15
num_cat=0
split_feature=3 2 6 6 16 32 14 16 4 1 19 6 6 6
split_gain=427.51 200.214 180.263 90.7588 16.2666 14.0758 6.62506 4.62212 3.21064 3.09253 0.746158 0.128049 20.0524 0.209881
threshold=220.13878757663051 529.28000000000009 251.99500000000003 523.70000000000016 1742.2400000000002 0.67696600046681055 2536.5000000000005 1999.0500000000004 289.07332382405508 454.45000000000005 137.66000000000003 264.63500000000005 376.43500000000006 323.29500000000002
decision_type=2 2 2 2 2 10 10 2 2 2 2 2 2 2
left_child=1 9 7 11 8 6 10 -2 -5 -1 -3 -4 13 -13
right_child=2 5 3 4 -6 -7 -8 -9 -10 -11 -12 12 -14 -15
leaf_value=-0.091654549458513673 -0.16990446810785614 -9.5628517399526245e-05 0.04770659735322471 -0.0037051310393149436 -0.018058104311725911 -0.0018162592560408506 -0.00084549369998419507 -0.02405632823233031 -0.37819122165932795 0.020338288698348007 -1.0387487490819065 -0.0019561396117158164 0.046302506422382539 -0.1759323953208832
leaf_weight=0.18659547314379032 20.231795500907701 0.0019151893866906624 17.121007918874973 0.079990632751107404 0.56493775392300449 0.037672504735926871 0.017190843456774019 0.92648543195536959 0.63193941024370692 0.69354054018913303 0.7446129463285911 0.040693586684129077 13.11566884170437 0.12445785172441477
leaf_count=399 453 8 23 171 1244 75 31 2248 40 12 553 82 159 88
internal_value=-0.0877963 -0.704587 -0.0554442 0.0204651 -0.285237 -1.00758 -1.02804 -0.164892 -0.362858 -0.0395254 -1.03766 0.041979 0.0317717 -0.171535
internal_weight=54.5185 1.68153 52.837 31.6787 1.27687 0.801391 0.763719 21.1583 0.71193 0.880136 0.746528 30.4018 13.2808 0.165151
internal_count=5586 1078 4508 1807 1455 667 592 2701 211 411 561 352 329 170
is_linear=0
shrinkage=0.05


Tree=13
num_leaves=14
num_cat=0
split_feature=3 6 0 3 16 16 20 4 2 6 4 16 6
split_gain=384.47 150.189 56.3978 43.8188 6.81098 3.06779 3.06027 1.97737 1.01769 0.668395 18.9384 0.177764 0.115483
threshold=220.13878757663051 251.99500000000003 4.5000000000000009 202.86202380952383 1450.7650000000003 1999.0500000000004 1.0000000180025095e-35 207.69585667053079 374.93500000000006 264.63500000000005 617.41280263248984 1034.8900000000001 500.12000000000006
decision_type=2 2 2 2 2 2 10 2 2 2 2 2 2
left_child=3 5 4 6 7 -2 8 -3 -1 -4 11 -11 -12
right_child=1 2 9 -5 -6 -7 -8 -9 -10 10 12 -13 -14
leaf_value=-0.0024827496917598367 -0.15090336606361993 -0.0046911865481644738 0.04757360964917251 -0.98644787820420032 -0.016279872759896032 -0.023786613069913049 -0.0073257907575971061 -0.28058868895199163 -0.27849450774466405 -0.17540673840457782 -0.002271091680656112 -0.0016752468360487442 0.042111087447937949
leaf_weight=0.052229461059915105 20.804529171929598 0.1034816897465034 16.337262803397611 0.15644657287242836 0.48247153908266449 0.9066973751750983 0.1715631832012775 0.65917593665938756 1.4006408789699079 0.10834358644206021 0.047556946694384261 0.034649580622919895 12.623627161563491
leaf_count=156 453 222 15 71 1087 2256 644 55 216 5 92 76 272
internal_value=-0.081094 -0.0495334 0.0224586 -0.654661 -0.220414 -0.146876 -0.259012 -0.267053 -0.27363 0.0397984 0.0271592 -0.171606 0.0417906
internal_weight=53.8887 52.1078 30.3966 1.78088 1.24513 21.7112 1.62443 0.762658 1.45287 29.1514 12.8142 0.142993 12.6712
internal_count=5620 4533 1824 1087 1364 2709 1016 277 372 460 445 81 364
is_linear=0
shrinkage=0.05


Tree=14
num_leaves=11
num_cat=0
split_feature=3 3 3 3 2 16 2 14 17 4
split_gain=214.203 125.176 72.7539 116.02 13.0855 5.50676 1.52613 1.49333 0.606321 0.152394
threshold=1257.0848076923078 1338.737272727273 220.13878757663051 202.86202380952383 529.28000000000009 1943.5850000000003 484.73000000000002 1.0000000180025095e-35 2013402.6700000002 207.69585667053079
decision_type=2 2 2 2 2 2 2 10 8 2
left_child=2 -2 3 4 6 -3 -1 9 -6 -4
right_child=1 5 7 -5 8 -7 -8 -9 -10 -11
leaf_value=-0.049292886947904957 0.048599394042890764 -0.1765115295780941 -0.0023672770801437346 -0.83314275280529104 -0.0026870322949089365 -0.025756417459314652 0.02352894282755609 -0.015832809625543072 -0.22232479373021674 -0.15042381910925295
leaf_weight=0.17259082631553668 27.564120282697331 7.2911238859349776 0.049677283932178962 0.23734284866648581 0.056761735217116471 1.0614423536935644 0.89669699321075313 0.46310445076822304 1.6872204743125114 16.830650598382014
leaf_count=395 64 216 136 64 430 2459 9 1175 192 469
internal_value=-0.0781793 -0.00347744 -0.203427 -0.405946 -0.160872 -0.162156 -0.00636601 -0.147617 -0.218761 -0.150145
internal_weight=56.3107 35.9167 20.394 3.05061 2.81327 8.35257 1.06929 17.3434 1.74398 16.8803
internal_count=5609 2739 2870 1090 1026 2675 404 1780 622 605
is_linear=0
shrinkage=0.05


Tree=15
num_leaves=13
num_cat=1
split_feature=3 3 36 6 6 6 16 4 16 22 6 4
split_gain=204.88 153.408 99.6628 35.0593 21.7754 19.0132 16.519 3.42171 1.28057 0.853334 0.135988 0.0236242
threshold=220.13878757663051 202.86202380952383 0 251.99500000000003 323.29500000000002 4.1950000000000012 1742.2400000000002 207.69585667053079 1999.0500000000004 inf 5.0250000000000012 226.51812181920459
decision_type=2 2 9 2 2 2 2 2 2 8 2 2
left_child=1 5 3 -2 8 9 7 -6 11 -1 -7 -4
right_child=2 -3 4 -5 6 10 -8 -9 -10 -11 -12 -13
leaf_value=-0.0036495507683096833 -0.10129929450667784 -0.90156094456900593 -0.0010074412495425136 0.048533568942270566 -0.0045161266023804655 0.023202210613605403 -0.019076248932634408 -0.35340855125303938 -0.023012459570222223 -0.22408234471015909 -0.005407676571919956 -0.12303460929626604
leaf_weight=0.0786948518941534 3.6019397217212008 0.24295182176315355 0.020553569061457888 26.268617027607043 0.099239708593812481 0.87676675721813879 0.61643745907349501 1.460857968066986 0.85207268550948256 1.6716321380477024 0.12120897496227656 19.482912631847441
leaf_count=403 204 67 61 37 226 16 1405 69 2215 199 393 370
internal_value=-0.0762085 -0.422353 -0.048911 0.0209752 -0.10346 -0.150767 -0.285055 -0.341648 -0.120051 -0.219102 0.01876 -0.122961
internal_weight=55.3939 2.99125 52.4026 29.8706 22.5321 2.7483 2.17654 1.5601 20.3555 1.75033 0.997976 19.5035
internal_count=5665 1078 4587 241 4346 1011 1700 295 2646 602 409 431
cat_boundaries=0 1
cat_threshold=524288
is_linear=0
shrinkage=0.05


Tree=16
num_leaves=14
num_cat=0
split_feature=3 3 6 6 16 17 16 4 6 19 16 2 4
split_gain=236.611 114.11 88.8248 62.2631 4.83658 1.17424 0.949691 0.828946 0.787526 24.7095 0.69332 0.348834 0.00485123
threshold=220.13878757663051 202.86202380952383 242.03000000000003 523.70000000000016 1742.2400000000002 2013402.6700000002 1999.0500000000004 289.07332382405508 264.63500000000005 898.23000000000013 1579.7500000000002 374.93500000000006 226.51812181920459
decision_type=2 2 2 2 2 8 2 2 2 2 2 2 2
left_child=1 5 6 8 7 -1 12 -5 -4 -10 -11 -7 -2
right_child=2 -3 3 4 -6 11 -8 -9 9 10 -12 -13 -14
leaf_value=-0.0072384021191955403 -0.00031831347188984141 -0.9046025729571916 0.047017055492873196 -0.003511035204625786 -0.017425028180946697 -0.0022658244966759652 -0.022634695775832051 -0.22500965227188502 0.045840945783237406 -0.19260909794285422 -0.0047624244551793416 -0.195149700738801 -0.11620418906030164
leaf_weight=0.16917459231701024 0.0064047211095744619 0.17293845088868742 14.188351437327587 0.075486958918269953 0.53456822619773436 0.047451122369480347 0.82654794396057596 1.6747638877374857 10.894346803219614 0.23777488690955628 0.10521868243245081 2.3207713401177537 24.7683212824724
leaf_count=654 29 67 43 177 1256 157 2236 43 78 35 220 215 422
internal_value=-0.0766834 -0.46355 -0.0488425 0.0133514 -0.192511 -0.186262 -0.114132 -0.220207 0.0384357 0.0246441 -0.181438 -0.193105 -0.116188
internal_weight=56.0221 2.71034 53.3118 27.7105 2.28482 2.5374 25.6013 1.75025 25.4257 11.2373 0.342994 2.36822 24.7747
internal_count=5632 1093 4539 1852 1476 1026 2687 220 376 333 255 372 451
is_linear=0
shrinkage=0.05


Tree=17
num_leaves=13
num_cat=0
split_feature=3 3 6 6 4 2 16 2 16 4 14 4
split_gain=148.69 213.691 79.9411 50.3535 18.4229 8.66126 3.039 1.62121 0.647183 0.501792 0.20991 0.192003
threshold=220.13878757663051 202.86202380952383 251.99500000000003 523.70000000000016 566.33960854283794 710.42500000000007 1742.2400000000002 484.73000000000002 1999.0500000000004 289.07332382405508 1.0000000180025095e-35 207.69585667053079
decision_type=2 2 2 2 2 2 2 2 2 2 10 2
left_child=1 5 8 4 11 7 9 -1 -2 -5 -7 -4
right_child=2 -3 3 6 -6 10 -8 -9 -10 -11 -12 -13
leaf_value=-0.048861623636024844 -0.10882927740171383 -0.96468667783292639 -0.0026515327827868404 -0.0034027905182522919 0.046056261128260993 -0.16218158518478956 -0.017230543257002028 0.025226697557300771 -0.022502104741304804 -0.19153269509070403 -0.0024928217229870991 -0.15703887287367024
leaf_weight=0.1575590179686811 25.435762978181998 0.093719623017692988 0.055970765073093037 0.072989790717866598 24.070903389177669 2.3343955176856324 0.52547296282136802 1.043975284007818 0.81775942453259531 1.816242752039321 0.052444264465850821 0.21064185654366788
leaf_count=375 463 62 120 171 189 169 1258 61 2262 44 392 41
internal_value=-0.0715743 -0.342474 -0.046763 0.01414 0.0379577 -0.119519 -0.166731 -0.00226999 -0.107065 -0.187958 -0.160445 -0.15231
internal_weight=56.6878 3.68209 53.0057 26.7522 24.3375 3.58837 2.41471 1.20153 26.2535 1.88923 2.38684 0.266613
internal_count=5607 1059 4548 1823 350 997 1473 436 2725 215 561 161
is_linear=0
shrinkage=0.05


Tree=18
num_leaves=18
num_cat=0
split_feature=6 10 0 3 3 4 3 3 4 19 4 4 14 4 6 6 4
split_gain=131.335 80.0605 41.7267 28.8692 16.6377 11.7964 2.18086 6.48334 10.5729 1.6549 0.9532 0.491249 0.171695 0.096119 0.0306552 0.00096745 0.000137998
threshold=251.99500000000003 1.0000000180025095e-35 4.5000000000000009 220.13878757663051 214.02840277777781 643.21068782251734 220.13878757663051 188.75333333333339 212.8524527809827 1728.9600000000003 347.84831715633948 207.69585667053079 6998.0000000000009 207.69585667053079 500.12000000000006 -16168.699999999999 226.51812181920459
decision_type=2 2 2 2 2 2 2 2 2 2 2 2 8 2 2 2 2
left_child=1 6 9 4 -3 14 7 8 13 11 -9 -2 -8 -1 -4 -14 -17
right_child=2 3 5 -5 -6 -7 12 10 -10 -11 -12 -13 15 -15 -16 16 -18
leaf_value=-0.0035819789054496462 -0.004906526999518014 -0.0049886880906014792 -0.1236031195685901 -0.010460442002466708 -0.69766731134570392 0.043508600139717399 -0.015267837701342692 -0.30155196359463643 -0.13903489922507201 -0.015001037381220054 -0.0020702283974456796 -0.16861759835970919 -0.00042996587110221904 0.025123822109015616 -0.0013078694124088125 -6.572730016740111e-05 -0.10255904678325933
leaf_weight=0.077132320992205128 0.10875116034037624 0.11077713758803343 0.15437857380195907 0.26443882780127659 0.003119387954272578 23.202033075907821 0.43935400764445226 0.25717095198524892 2.4464325994268994 0.42836124843597634 0.04135631475899898 1.8630869177037133 0.0086705982394076342 1.0124023613468012 0.026848189292650204 0.0013158366707725069 26.503044636026988
leaf_count=309 249 595 23 897 14 364 1251 26 105 1054 17 61 23 6 64 10 527
internal_value=-0.0686154 -0.136032 0.0149098 -0.521362 -0.633259 0.0372784 -0.115044 -0.168318 -0.0953432 -0.149884 -0.293608 -0.164278 -0.101714 0.0223499 -0.121931 -0.10254 -0.102557
internal_weight=56.9487 31.1652 25.7835 0.378335 0.113897 23.3833 30.7869 3.83449 3.53597 2.4002 0.298527 1.97184 26.9524 1.08953 0.181227 26.513 26.5044
internal_count=5595 3780 1815 1506 609 451 2274 463 420 1364 43 310 1811 315 87 560 537
is_linear=0
shrinkage=0.05


Tree=19
num_leaves=12
num_cat=0
split_feature=3 3 6 6 4 2 16 16 4 5 4
split_gain=122.873 194.62 64.1848 38.2358 11.8616 9.65035 1.42375 0.233221 0.231804 0.167652 0.054053
threshold=220.13878757663051 188.75333333333339 251.99500000000003 523.70000000000016 643.21068782251734 529.28000000000009 1742.2400000000002 1999.0500000000004 289.07332382405508 375.77000000000004 226.51812181920459
decision_type=2 2 2 2 2 2 2 2 2 2 2
left_child=1 5 7 4 10 9 8 -2 -5 -1 -4
right_child=2 -3 3 6 -6 -7 -8 -9 -10 -11 -12
leaf_value=-0.0060683446925466067 -0.097149476045205713 -0.84023434978547129 -0.0026372348325154333 -0.0034826182891056507 0.045628474060179544 -0.13284250819610263 -0.017213129801667247 -0.021900420797525594 -0.15160133554398933 0.024797840319831219 -0.12092160514783273
leaf_weight=0.13806691098969837 24.271866853054707 0.27937899915927422 0.055652900191614785 0.074830595779341702 22.064598434642335 2.5695176789066752 0.52466818445827801 0.77888669294588808 2.0655487056520885 0.98764272764674388 0.17254199942650844
leaf_count=379 441 108 123 177 185 578 1278 2264 41 4 37
internal_value=-0.0652523 -0.302894 -0.0407971 0.0159144 0.0389748 -0.0919659 -0.134986 -0.0957403 -0.149181 0.0199383 -0.117709
internal_weight=53.9832 3.97461 50.0086 24.9578 22.2928 3.69523 2.66505 25.0508 2.14038 1.12571 0.228195
internal_count=5615 1069 4546 1841 345 961 1496 2705 218 383 160
is_linear=0
shrinkage=0.05


Tree=20
num_leaves=14
num_cat=0
split_feature=3 3 6 6 4 3 2 2 16 4 16 14 1
split_gain=117.934 228.618 58.7822 37.5948 11.5939 6.21654 5.13952 1.47917 1.06188 0.169899 0.107593 0.0705711 0.048831
threshold=220.13878757663051 202.86202380952383 251.99500000000003 523.70000000000016 643.21068782251734 214.02840277777781 529.28000000000009 484.73000000000002 1742.2400000000002 289.07332382405508 1999.0500000000004 12588.500000000002 3746.7800000000002
decision_type=2 2 2 2 2 2 2 2 2 2 2 8 2
left_child=1 6 10 4 12 -3 7 -1 9 -5 -2 -8 -4
right_child=2 5 3 8 -6 -7 11 -9 -10 -11 -12 -13 -14
leaf_value=-0.046478994100084679 -0.0927669146569952 -0.00090957731097173497 -0.0027574092500171365 -0.0034213163265345114 0.045375219356567881 -0.9851774282639788 -0.0023337854377683538 0.024424530100789262 -0.0167234107017134 -0.14107262578998445 -0.021553490733275709 -0.12792318870332872 -0.11840597958727975
leaf_weight=0.17908622526181461 26.73371021491274 0.018179588330368257 0.058337464303988895 0.073416988874670852 21.105443476063574 0.014310046654859576 0.048938981811074395 0.96516961752331554 0.50224953232100222 2.4325208869814343 0.75721608273306529 2.7480671028635633 0.18707057714505637
leaf_count=382 464 47 138 174 191 21 427 10 1245 41 2258 201 21
internal_value=-0.0660469 -0.299355 -0.0428403 0.0136651 0.0384578 -0.968728 -0.0989053 -0.00317331 -0.127996 -0.139166 -0.0916307 -0.126919 -0.115203
internal_weight=55.8237 3.97375 51.85 24.359 21.3509 0.0324896 3.94126 1.14426 3.00819 2.50594 27.4909 2.79701 0.245408
internal_count=5620 1088 4532 1810 350 68 1020 392 1460 215 2722 628 159
is_linear=0
shrinkage=0.05


Tree=21
num_leaves=11
num_cat=0
split_feature=3 3 1 2 2 3 16 5 4 4
split_gain=129.534 277.218 52.4082 38.3279 7.22163 4.80688 0.415245 0.154388 0.0201073 0.0184802
threshold=220.13878757663051 188.75333333333339 6537.3250000000007 7909.0000000000009 502.57500000000005 1397.8612500000002 1625.0850000000003 375.77000000000004 212.8524527809827 207.69585667053079
decision_type=2 2 2 2 2 2 2 2 2 2
left_child=1 4 9 5 7 -4 -5 -1 -6 -2
right_child=2 -3 3 6 8 -7 -8 -9 -10 -11
leaf_value=-0.0057881350938849266 -0.01022436247872687 -1.0308733018541896 0.043842931240765791 -0.10125462908490018 -0.001364251536870762 -0.048107641046146683 -0.025274237179263179 0.024211067088628607 -0.11531590053226499 -0.096875656437536525
leaf_weight=0.13086047769207965 0.25691108450127487 0.065795467514073169 20.350657868540669 5.2067189438484336 0.028037359950960794 0.71854414377958065 1.021382938573266 0.93955501037999056 2.2652604847918139 21.538130736372086
leaf_count=376 632 108 66 107 356 84 2773 2 247 917
internal_value=-0.0646207 -0.32424 -0.0403733 0.00614378 -0.0773483 0.0386693 -0.0940147 0.0195193 -0.11476 -0.0963476
internal_weight=52.5219 3.42951 49.0923 27.2973 3.36371 21.0692 6.2281 1.07042 2.2933 21.795
internal_count=5668 1089 4579 3030 981 150 2880 378 603 1549
is_linear=0
shrinkage=0.05


Tree=22
num_leaves=12
num_cat=0
split_feature=20 3 6 3 3 4 4 16 3 3 4
split_gain=116.272 102.846 64.6372 30.3563 29.1074 3.05264 1.47378 0.454046 0.399439 12.992 0.0320911
threshold=495792.12000000005 220.13878757663051 251.99500000000003 1338.737272727273 214.02840277777781 212.8524527809827 207.69585667053079 1797.1900000000003 1314.9385000000002 1287.2345634920637 207.69585667053079
decision_type=8 2 2 2 2 2 2 2 2 2 2
left_child=1 4 5 8 -1 6 -2 -5 9 10 -4
right_child=2 -3 3 7 -6 -7 -8 -9 -10 -11 -12
leaf_value=-0.0057943584424082544 -0.050000577964596393 -0.02462624090662386 -0.0019942954770536818 -0.14072157461342591 -0.84387174326192993 -0.097283137213973192 0.023903360283605013 -0.0084636758705429818 0.046100457510469199 0.044857581829477938 -0.11678174623848032
leaf_weight=0.13101391081578584 0.043829279834009749 0.9698109821893891 0.041526483123337843 1.7119775960046748 0.0068532159039145215 28.818555267947282 0.91725301478567189 0.20366636288235884 10.849036786123179 8.3184340158477426 0.46138096033095888
leaf_count=659 296 2787 113 59 17 1102 7 525 2 5 26
internal_value=-0.0638119 -0.429248 -0.0478848 0.0176962 -0.752468 -0.0944522 -0.00324478 -0.134386 0.0382919 0.0249724 -0.114937
internal_weight=52.4733 1.10768 51.3657 21.586 0.137867 29.7796 0.961082 1.91564 19.6704 8.82134 0.502907
internal_count=5598 3463 2135 730 676 1405 303 584 146 144 139
is_linear=0
shrinkage=0.05


Tree=23
num_leaves=11
num_cat=1
split_feature=3 3 36 6 4 6 16 4 4 3
split_gain=133.379 331.56 40.6772 23.019 7.26178 3.6619 1.88406 0.352747 0.173099 0.024262
threshold=220.13878757663051 214.02840277777781 0 251.99500000000003 212.8524527809827 323.29500000000002 1742.2400000000002 207.69585667053079 207.69585667053079 196.59030303030303
decision_type=2 2 9 2 2 2 2 2 2 2
left_child=1 4 3 -2 8 -4 7 -7 -1 -6
right_child=2 -3 5 -5 9 6 -8 -9 -10 -11
leaf_value=-0.0066138351109135884 -0.069526211686665479 -1.0780448534359071 -0.079626681437791599 0.047627999334075133 -0.11542223426312066 -0.0042137917885365118 -0.01748750215434634 -0.16014500740311585 0.02355865522149796 -0.0055661770165575733
leaf_weight=0.15237217633626376 4.4138477451878257 0.10764265450303501 20.053824733979638 18.336297021697423 3.1993917169286465 0.091987254956621523 0.53753680408408389 3.3926242643735649 0.89682004636017609 0.10973878386932678
leaf_count=731 212 25 2584 39 279 224 1368 67 13 42
internal_value=-0.0672138 -0.301484 -0.0390341 0.0161346 -0.0846935 -0.0687477 -0.146341 -0.157886 0.0180876 -0.113916
internal_weight=51.2921 4.46597 46.8261 22.7501 4.35832 24.076 4.02215 3.48461 1.04919 3.30913
internal_count=5584 1090 4494 251 1065 4243 1659 291 744 321
cat_boundaries=0 1
cat_threshold=524288
is_linear=0
shrinkage=0.05


Tree=24
num_leaves=14
num_cat=0
split_feature=20 3 6 6 3 2 3 3 6 6 4 3 19
split_gain=116.939 93.9651 50.8777 29.2681 26.0862 2.47126 6.58413 1.78708 0.563106 13.9773 0.055863 0.0413027 0.0122334
threshold=495792.12000000005 220.13878757663051 251.99500000000003 523.70000000000016 214.02840277777781 529.28000000000009 220.13878757663051 162.09764436105903 264.63500000000005 500.12000000000006 289.07332382405508 157.24600000000001 898.23000000000013
decision_type=8 2 2 2 2 2 2 2 2 2 2 2 2
left_child=1 4 5 8 -1 7 -7 11 -4 12 -5 -2 -10
right_child=2 -3 3 10 -6 6 -8 -9 9 -11 -12 -13 -14
leaf_value=-0.0056083113681358607 -0.0017411679516810001 -0.023765617580481083 0.045679286710724881 -0.005324601913384565 -0.81254819031546699 -0.16220389199067073 -0.07868984429545095 -0.051171330703140144 -0.00047459469428865278 0.044370562085638575 -0.10921860018243773 0.023324881794085411 -0.12557369461328755
leaf_weight=0.1262771092165681 0.03606947673277261 0.90527746192873637 9.8928951317357186 0.11913554008846494 0.043301534022329058 3.2146273117601316 23.292349176779069 0.59544400383981244 0.0095793884424645315 7.5916375996894203 3.1886401068233345 0.87446362263290212 0.42955880610821295
leaf_count=643 150 2793 6 334 17 240 1000 26 30 7 273 2 89
internal_value=-0.0642815 -0.433442 -0.0477575 0.010587 -0.73022 -0.0908185 -0.0943466 -0.0158514 0.0369274 0.0222818 -0.107581 0.0219403 -0.125071
internal_weight=50.3193 1.07486 49.2444 21.2314 0.169579 28.013 26.507 1.50598 17.9237 8.03078 3.30778 0.910533 0.439138
internal_count=5610 3453 2157 739 660 1418 1240 178 132 126 607 152 119
is_linear=0
shrinkage=0.05


Tree=25
num_leaves=13
num_cat=0
split_feature=10 3 16 13 3 6 13 2 3 0 2 3
split_gain=103.831 42.3082 42.0117 18.9688 13.4215 5.20541 2.5075 1.67269 0.655142 0.552732 0.309507 0.0418517
threshold=1.0000000180025095e-35 220.13878757663051 1943.5850000000003 3.5000000000000004 214.02840277777781 166.37000000000003 10.500000000000002 651.17500000000007 220.13878757663051 4.5000000000000009 1423.1550000000004 134.99331250000003
decision_type=2 2 2 2 2 2 2 2 2 2 2 2
left_child=2 4 5 9 -2 6 -1 -8 11 -4 -7 -5
right_child=1 -3 3 8 -6 10 7 -9 -10 -11 -12 -13
leaf_value=-0.085291244759780893 -0.0041575587952117033 -0.014803395738081676 -0.0084633418094924306 -0.00087116989099073918 -0.68520963170651794 -0.025677435290953989 0.022951155169065728 -0.043328495361481471 -0.032035957802153923 0.045034661140308879 -0.15336615427433523 -0.14200387933732553
leaf_weight=22.427209812976567 0.090654693083230375 0.42038964172131899 0.20367104277218473 0.017725281716025942 0.087493013070949033 0.50502811175153883 0.85645312412254471 1.1749482934220976 1.0241159349352527 9.5048443023331117 4.6765741699829908 0.48370445348114188
leaf_count=424 604 1491 625 114 15 113 9 30 1827 157 126 97
internal_value=-0.0834241 -0.482142 -0.0662109 0.015242 -0.636334 -0.0965726 -0.0805136 -0.0170316 -0.109451 0.0432268 -0.147088 -0.140918
internal_weight=41.4728 0.598537 40.8743 11.2341 0.178148 29.6402 24.4586 2.0314 1.52555 9.70852 5.1816 0.50143
internal_count=5632 2110 3522 2820 619 702 463 39 2038 782 239 211
is_linear=0
shrinkage=0.05


Tree=26
num_leaves=10
num_cat=0
split_feature=3 3 6 6 4 6 4 4 19
split_gain=82.8256 152.864 33.8515 25.0054 9.28724 9.10218 5.11139 0.15779 0.00219595
threshold=220.13878757663051 214.02840277777781 251.99500000000003 523.70000000000016 643.21068782251734 -60.369999999999997 212.8524527809827 207.69585667053079 4159.9000000000005
decision_type=2 2 2 2 2 2 2 2 2
left_child=1 6 -2 4 -4 -3 7 -1 -5
right_child=2 5 3 8 -6 -7 -8 -9 -10
leaf_value=-0.0063538378653165339 -0.073510566793923857 -0.062717553069881971 -0.091131160801949676 -0.09464976706607231 0.044535468104596743 -0.77656702569668312 -0.094560572250408634 0.022663404202527118 -0.013588546672753502
leaf_weight=0.145512966902971 23.448447324091042 0.24604797941356082 0.4330113220478492 3.4162373889299036 17.705810603783839 0.14748581638064528 3.2408399216626451 0.83714965409745901 0.37300975866673969
leaf_count=729 2712 2 160 421 183 19 309 13 1053
internal_value=-0.0562287 -0.237831 -0.0330209 0.011594 0.0367045 -0.695533 -0.070194 0.0173291 -0.0911736
internal_weight=49.9936 4.61704 45.3765 21.9281 18.1388 0.393534 4.2235 0.982663 3.78925
internal_count=5601 1072 4529 1817 343 21 1051 742 1474
is_linear=0
shrinkage=0.05


Tree=27
num_leaves=7
num_cat=0
split_feature=14 3 6 0 3 4
split_gain=122.031 81.0689 42.1406 21.1975 20.1084 12.2727
threshold=1.5000000000000002 220.13878757663051 251.99500000000003 4.5000000000000009 214.02840277777781 643.21068782251734
decision_type=10 2 2 2 2 2
left_child=2 4 -1 -4 -2 -5
right_child=1 -3 3 5 -6 -7
leaf_value=-0.082126591002102595 -0.0045070834910047397 -0.021110355056513565 -0.089002599074220104 -0.1033255168170558 -0.79856957656653682 0.044562853952105561
leaf_weight=26.492193009625169 0.099029139854289294 0.73031976393177211 3.3008480235519597 0.58209522687048831 0.0016856473655693085 16.965246371997637
leaf_count=1382 606 2554 881 29 16 121
internal_value=-0.057857 -0.45952 -0.041446 0.0116406 -0.731224 0.0343506
internal_weight=48.1714 0.831035 47.3404 20.8482 0.100715 17.5473
internal_count=5589 3176 2413 1031 622 150
is_linear=0
shrinkage=0.05


Tree=28
num_leaves=13
num_cat=0
split_feature=14 3 6 6 3 4 2 3 3 3 2 4
split_gain=121.773 80.5665 40.0538 19.7545 19.6516 12.7875 1.99965 4.60219 1.80398 0.883446 0.0614782 0.00964406
threshold=1.5000000000000002 220.13878757663051 251.99500000000003 523.70000000000016 214.02840277777781 643.21068782251734 529.28000000000009 220.13878757663051 162.09764436105903 214.02840277777781 484.73000000000002 207.69585667053079
decision_type=10 2 2 2 2 2 2 2 2 2 2 2
left_child=2 4 6 5 -2 11 8 9 10 -8 -1 -4
right_child=1 -3 3 -5 -6 -7 7 -9 -10 -11 -12 -13
leaf_value=-0.0025343697031936928 -0.004415376692354661 -0.020957806101371903 -0.001358023866480569 -0.085976220426315197 -0.79763311703347739 0.044310130962162818 -0.082189157173473637 -0.070020423303875562 -0.049640427852295735 -0.21044996614300679 0.02348925736559955 -0.10796000342960017
leaf_weight=0.053377320402448469 0.096818731075931752 0.72124341506693157 0.027908308431566109 3.3189037904909418 0.0027922194444727202 16.181996920288025 3.3435116585598323 21.170674327222454 0.81163215612540651 0.47156340853463952 0.88605277130591265 0.54819619014759569
leaf_count=207 582 2570 83 826 16 77 218 922 53 7 5 18
internal_value=-0.0593544 -0.461748 -0.042789 0.0105079 -0.731807 0.0333818 -0.0817462 -0.085396 -0.0175561 -0.138457 0.0214663 -0.106934
internal_weight=47.6347 0.820854 46.8138 20.077 0.099611 16.7581 26.7368 24.9857 1.75106 3.81508 0.93943 0.576104
internal_count=5584 3168 2416 1004 598 178 1412 1147 265 225 212 101
is_linear=0
shrinkage=0.05


Tree=29
num_leaves=12
num_cat=0
split_feature=14 3 16 3 4 2 2 6 6 5 6
split_gain=125.816 89.0566 27.7768 23.1668 16.7843 2.33374 0.973753 0.18877 0.143858 0.00632586 0.00327995
threshold=1.5000000000000002 220.13878757663051 1943.5850000000003 214.02840277777781 1622.326301066005 502.57500000000005 484.73000000000002 251.99500000000003 31.915000000000003 338.53000000000003 -241.07499999999996
decision_type=10 2 2 2 2 2 2 2 2 2 2
left_child=2 3 5 -2 8 6 -1 -6 9 -4 -11
right_child=1 -3 4 -5 7 -7 -8 -9 -10 10 -12
leaf_value=-0.041521183203982279 -0.0046276144232404075 -0.020707993372216054 -0.00035992326693985586 -0.84251001988822427 -0.0034380928016624346 -0.086059396146868375 0.013335753362794082 0.043761760205807639 -0.0071872471161503557 -0.0001856092037138786 -0.11857722232452919
leaf_weight=0.42637785131654227 0.10194754533902994 0.70658050608834955 0.007248179025508116 0.0083911845920283668 0.073823856594684822 28.537960913852761 1.081393378635171 8.0071708013419993 0.16781829681078397 0.0037253465535266308 0.96625598533617996
leaf_count=244 603 2573 35 17 407 513 13 262 619 32 317
internal_value=-0.0806821 -0.489851 -0.0602185 -0.769746 0.0145102 -0.0828934 -0.0125482 0.0429994 -0.112862 -0.118197 -0.118448
internal_weight=40.0887 0.816919 39.2718 0.110339 9.22604 30.0457 1.50777 8.08099 1.14505 0.97723 0.969981
internal_count=5635 3193 2442 620 1672 770 257 669 1003 384 349
is_linear=0
shrinkage=0.05


Tree=30
num_leaves=16
num_cat=0
split_feature=14 4 6 0 6 5 4 32 14 2 17 2 6 24 26
split_gain=141.796 58.1744 37.2465 17.6955 17.618 10.9747 10.898 6.7833 1.91555 1.72981 1.35507 1.13792 0.406536 0.402881 0.295032
threshold=1.5000000000000002 566.33960854283794 251.99500000000003 4.5000000000000009 220.19500000000002 209.81000000000003 643.21068782251734 0.66878822273350591 2348.0000000000005 502.57500000000005 339.36000000000007 484.73000000000002 -271.96999999999997 2.5000000000000004 0.71740902656084737
decision_type=10 2 2 2 2 2 2 10 10 2 10 2 2 8 10
left_child=2 4 9 -4 5 -2 -5 8 10 11 -7 -1 -12 -14 -15
right_child=1 -3 3 6 -6 7 -8 -9 -10 -11 12 -13 13 14 -16
leaf_value=-0.044739497348257488 -0.002668440617456786 -0.017241195071515666 -0.079873617261436325 -0.091985011603644959 -0.0046913323070437302 -0.00030360848950674972 0.044209150090846444 -0.0015596429003519882 -0.00043403316994030923 -0.081803226845414079 -9.0777775567414939e-05 0.013141564432617126 -8.9670705889922063e-05 -0.80208185921594566 -6.5498772907868501e-05
leaf_weight=0.63065677707912349 0.056353055833148022 0.5260651666816899 3.2766503126044162 0.67852305476703278 0.10350308306643594 0.0061071341866991832 15.891615967997494 0.032185152087079741 0.0087538981201191746 23.500190093188497 0.0018185872136731026 1.0682604776375229 0.0017961319390451735 0.061130534923069808 0.0013114483504148558
leaf_count=245 159 1932 884 29 325 37 119 112 32 1133 39 4 9 497 16
internal_value=-0.0573641 -0.493612 -0.039074 0.0120294 -0.676934 -0.732419 0.0337143 -0.766967 -0.788315 -0.0782458 -0.794343 -0.0169604 -0.798607 -0.799886 -0.801154
internal_weight=45.8449 0.799024 45.0459 19.8468 0.272959 0.169456 16.5701 0.113103 0.0809177 25.1991 0.0721638 1.69892 0.0660567 0.0642381 0.062442
internal_count=5572 3158 2414 1032 1226 901 148 742 630 1382 598 249 561 522 513
is_linear=0
shrinkage=0.05


Tree=31
num_leaves=9
num_cat=0
split_feature=14 3 6 3 3 3 2 2
split_gain=126.026 71.4648 33.0697 18.0086 16.7829 11.5937 1.64045 1.50487
threshold=1.5000000000000002 220.13878757663051 251.99500000000003 214.02840277777781 1338.737272727273 1287.2345634920637 502.57500000000005 484.73000000000002
decision_type=10 2 2 2 2 2 2 2
left_child=2 3 6 -2 5 -4 7 -1
right_child=1 -3 4 -5 -6 -7 -8 -9
leaf_value=-0.044030941596949084 -0.004401124447094517 -0.019922009480154209 -0.073319182184987577 -0.76581418779582444 -0.088920247864146734 0.047083267718201136 -0.076050479433115159 0.022857993149733385
leaf_weight=0.62439813876530348 0.096476746828075943 0.66201890028234511 1.38006301676815 0.041879426475134096 2.3691217217993872 14.988032834851763 22.917144094337676 0.84316962589538469
leaf_count=241 600 2560 238 16 774 11 1151 5
internal_value=-0.0535468 -0.464249 -0.0355746 -0.70515 0.0141196 0.0332946 -0.0728117 -0.0119116
internal_weight=43.9223 0.800375 43.1219 0.138356 18.7372 16.3681 24.3847 1.46757
internal_count=5596 3176 2420 616 1023 249 1397 246
is_linear=0
shrinkage=0.05


Tree=32
num_leaves=12
num_cat=0
split_feature=14 3 6 3 3 3 2 3 3 3 2
split_gain=136.42 74.645 30.9153 17.9668 16.6988 14.3159 1.52124 4.18548 1.59248 1.36071 0.0485702
threshold=1.5000000000000002 220.13878757663051 251.99500000000003 214.02840277777781 1338.737272727273 1287.2345634920637 502.57500000000005 220.13878757663051 162.09764436105903 214.02840277777781 484.73000000000002
decision_type=10 2 2 2 2 2 2 2 2 2 2
left_child=2 3 6 -2 5 -4 8 9 10 -8 -1
right_child=1 -3 4 -5 -6 -7 7 -9 -10 -11 -12
leaf_value=-0.0021146818948449045 -0.0042588603543939054 -0.019718603526818854 -0.082870513858369924 -0.77549294668597923 -0.085400541890373494 0.046931893130793489 -0.07159384781177168 -0.063600740237795106 -0.046803628443254419 -0.19892976717140953 0.022584770997120533
leaf_weight=0.044149318331097587 0.093068025784307729 0.6508672667634946 1.5355532275225616 0.090148239475638547 2.8463811832764518 14.305184125070808 2.8672008969194369 18.315600645171056 0.79156651527783828 0.49904047573593979 0.82388550879841205
leaf_count=192 606 2575 241 17 782 11 225 926 49 8 2
internal_value=-0.0581666 -0.481227 -0.0387819 -0.71843 0.00912757 0.0301756 -0.0759374 -0.0795155 -0.0168701 -0.131709 0.020869
internal_weight=42.8626 0.834084 42.0286 0.183216 18.6871 15.8407 23.3414 21.6818 1.6596 3.36624 0.868035
internal_count=5634 3198 2436 623 1034 252 1402 1159 243 233 194
is_linear=0
shrinkage=0.05


Tree=33
num_leaves=12
num_cat=0
split_feature=14 3 6 6 3 1 2 3 3 3 2
split_gain=112.866 54.8488 34.4222 16.6629 13.5238 4.65719 1.42769 3.29437 2.11123 1.5256 0.049494
threshold=1.5000000000000002 220.13878757663051 251.99500000000003 523.70000000000016 214.02840277777781 6537.3250000000007 502.57500000000005 220.13878757663051 214.02840277777781 162.09764436105903 484.73000000000002
decision_type=10 2 2 2 2 2 2 2 2 2 2
left_child=2 4 6 5 -2 -4 9 8 -8 10 -1
right_child=1 -3 3 -5 -6 -7 7 -9 -10 -11 -12
leaf_value=-0.0021847320831863675 -0.0044198776851447586 -0.019453371749446446 -0.055111702137207709 -0.072381003342096101 -0.66628532514569738 0.046638295939184726 -0.07025182611841764 -0.062540824066148373 -0.1962454076896607 -0.045975778924060261 0.022305018822681474
leaf_weight=0.045678713955614625 0.096927718865323031 0.6365446032684613 0.39261167369032612 3.2244531762793107 0.18611458677969495 13.676050950249206 3.4535222082777137 17.922752600312389 0.49433551677569942 0.78317974481152786 0.80551667054533038
leaf_count=200 597 2565 114 853 16 61 227 931 8 47 2
internal_value=-0.0552135 -0.430809 -0.0366432 0.016506 -0.619729 0.0403298 -0.0748241 -0.0782475 -0.122502 -0.0167006 0.0205206
internal_weight=41.7177 0.919587 40.7981 17.2931 0.283042 14.0687 23.505 21.8706 3.94786 1.63438 0.851195
internal_count=5621 3178 2443 1028 613 175 1415 1166 235 249 202
is_linear=0
shrinkage=0.05


Tree=34
num_leaves=10
num_cat=0
split_feature=14 3 3 3 3 3 3 3 3
split_gain=87.6942 37.2275 25.8508 30.0253 8.92131 0.883141 5.05143 2.72247 2.2191
threshold=1.5000000000000002 220.13878757663051 1287.2345634920637 1338.737272727273 214.02840277777781 162.09764436105903 220.13878757663051 188.75333333333339 157.24600000000001
decision_type=10 2 2 2 2 2 2 2 2
left_child=2 4 5 -4 -2 8 7 -7 -1
right_child=1 -3 3 -5 -6 6 -8 -9 -10
leaf_value=-0.05423955250946897 -0.0044009325722507995 -0.019131830229191849 0.046604938827683622 -0.071507448411252492 -0.55042270387599801 -0.02235051931970743 -0.067558687331384898 -0.21037046019762828 0.022004137177084899
leaf_weight=1.7483979813463393 0.096472576312070291 0.61950981362396618 13.039794173054363 7.7245002612248745 0.33007083278789651 0.52903923774814576 15.455508019321318 0.45878893804951804 0.7884044985644677
leaf_count=342 615 2542 20 1195 15 54 774 43 12
internal_value=-0.0550352 -0.375313 -0.0376011 0.0013994 -0.516582 -0.0782023 -0.0832853 -0.171575 -0.0310223
internal_weight=40.7905 1.04605 39.7444 20.7643 0.426543 18.9801 16.4433 0.987828 2.5368
internal_count=5612 3172 2440 1215 630 1225 871 97 354
is_linear=0
shrinkage=0.05


Tree=35
num_leaves=11
num_cat=0
split_feature=20 3 6 3 3 3 2 3 3 13
split_gain=86.1933 32.3388 26.2278 13.6481 11.4981 8.21754 1.3737 3.50993 3.32587 1.4272
threshold=328204.01000000007 220.13878757663051 251.99500000000003 1338.737272727273 1287.2345634920637 214.02840277777781 502.57500000000005 220.13878757663051 214.02840277777781 11.500000000000002
decision_type=8 2 2 2 2 2 2 2 2 2
left_child=1 5 6 4 -4 -1 9 8 -8 -2
right_child=2 -3 3 -5 -6 -7 7 -9 -10 -11
leaf_value=-0.0048202201479774541 -0.043011512857089658 -0.019149916537037945 -0.076654817024695843 -0.078982196281610226 0.046459542040851023 -0.50671528203604155 -0.065497259119744689 -0.060612435257389734 -0.21573832781440708 0.021657515780117077
leaf_weight=0.10664481108370127 0.797422432607372 0.6204718460535259 1.2861647630866642 2.5391600226605506 12.44799687406339 0.52018847291037673 2.9266705524134182 17.596004927243762 0.21916601023218341 0.77314799132955159
leaf_count=649 158 2694 145 623 6 16 246 1052 7 14
internal_value=-0.0568883 -0.358949 -0.038303 0.00984244 0.0305102 -0.476777 -0.0723333 -0.0757689 -0.125477 -0.0151359
internal_weight=39.833 1.24731 38.5857 16.2733 13.7342 0.626833 22.3124 20.7418 3.14584 1.57057
internal_count=5610 3359 2251 774 151 665 1477 1305 253 172
is_linear=0
shrinkage=0.05


Tree=36
num_leaves=9
num_cat=0
split_feature=14 3 6 6 4 3 4 4
split_gain=74.7439 23.0445 22.4217 12.8693 10.0804 5.31621 0.458189 1.58664
threshold=1.5000000000000002 220.13878757663051 251.99500000000003 523.70000000000016 643.21068782251734 214.02840277777781 212.8524527809827 207.69585667053079
decision_type=10 2 2 2 2 2 2 2
left_child=2 5 6 4 -4 -2 7 -1
right_child=1 -3 3 -5 -6 -7 -8 -9
leaf_value=-0.053459764877430198 -0.0044897087807748547 -0.018691549490282844 -0.083164265653367986 -0.066549502916438491 0.046089804967509695 -0.43050771082307399 -0.069515393341831863 0.021486292769841351
leaf_weight=0.2550681551789491 0.098610958094911383 0.59675739703758179 0.78442761381312109 3.3128444657617235 11.913898569636684 0.75138495664577931 20.231348571778177 0.75431726100075025
leaf_count=360 612 2567 99 840 83 16 1028 8
internal_value=-0.0537623 -0.322371 -0.0351754 0.0093927 0.032617 -0.410226 -0.0676825 -0.0146323
internal_weight=38.6987 1.44675 37.2519 16.0112 12.6983 0.849996 21.2407 1.00939
internal_count=5613 3195 2418 1022 182 628 1396 368
is_linear=0
shrinkage=0.05


Tree=37
num_leaves=20
num_cat=0
split_feature=14 4 16 4 29 6 13 5 1 13 17 17 6 6 24 13 4 6 13
split_gain=48.5167 12.7756 12.7553 13.5274 3.70872 3.19922 2.38646 1.70191 0.866384 0.466573 0.272162 0.163697 0.107652 0.0959555 0.0936558 0.0353967 0.0310999 0.00845424 0.000189881
threshold=1.5000000000000002 465.49371411426569 1943.5850000000003 1622.326301066005 0.63221567778283605 220.19500000000002 11.500000000000002 209.81000000000003 597.05000000000007 17.500000000000004 339.36000000000007 497400.07000000007 251.99500000000003 -271.96999999999997 3.5000000000000004 11.500000000000002 521.22400318847679 13.910000000000002 12.500000000000002
decision_type=10 2 2 2 10 2 2 2 2 2 10 8 2 2 8 2 2 2 2
left_child=2 4 6 9 5 7 -1 -2 -8 15 -9 13 -5 -12 -15 -4 17 -11 -17
right_child=1 -3 3 12 -6 -7 8 10 -10 16 11 -13 -14 14 -16 18 -18 -19 -20
leaf_value=-0.073780405933307563 -0.0018248197494347401 -0.016263502212286892 -0.032817886564155206 -0.0021626897071729818 -0.029143069379909067 -0.0035349762313148397 0.021191466221372204 -0.00029341836441894504 -0.028432251594323599 -0.14963831717490925 -0.00010288395043007444 -0.00017586531238605136 0.041665692792302207 -0.00010018232517638811 -0.39539718367099885 0.001068288189570788 -0.00052754950745320466 -0.00014235118415736959 -0.00021925615374744696
leaf_weight=21.856236338535197 0.03786316643069132 0.48188744530115557 0.89865107309094117 0.045203588262438532 0.27461627322431237 0.076053436972870259 0.7390816926740621 0.0059010214330328372 0.82073289857018439 0.0030979330963482937 0.0020615541442635657 0.0035289475126774042 5.560011899608071 0.0020071805254434629 0.66423482100435205 0.02538681254913655 0.010661958546688055 0.0028546246559110408 0.0044036115384642463
leaf_count=715 115 2088 711 401 218 261 9 34 22 120 36 17 258 16 421 22 102 22 44
internal_value=-0.0728308 -0.284776 -0.0530383 0.00779504 -0.339527 -0.370835 -0.0696778 -0.385057 -0.00582614 -0.109103 -0.392618 -0.393828 0.0410383 -0.394555 -0.394981 -0.0318571 -0.148314 -0.149356 0.000849869
internal_weight=31.5145 1.54815 29.9663 6.55027 1.06627 0.79165 23.4161 0.715597 1.55981 0.945056 0.677734 0.671833 5.60522 0.668304 0.666242 0.928441 0.0166145 0.00595256 0.0297904
internal_count=5632 3206 2426 1680 1118 900 746 639 31 1021 524 490 659 473 437 777 244 142 66
is_linear=0
shrinkage=0.05


Tree=38
num_leaves=9
num_cat=0
split_feature=14 3 3 3 32 3 2 13
split_gain=52.4597 21.8362 24.1333 14.7615 3.41749 2.11071 1.55971 1.24763
threshold=1.5000000000000002 1287.2345634920637 1338.737272727273 220.13878757663051 0.63573955901869172 214.02840277777781 502.57500000000005 11.500000000000002
decision_type=10 2 2 2 10 2 2 2
left_child=1 6 -3 4 5 -2 7 -1
right_child=3 2 -4 -5 -6 -7 -8 -9
leaf_value=-0.040140129430824872 -0.002352266407206453 0.046163658584018517 -0.066311879234784391 -0.018213696351633238 -0.028533792409509314 -0.38575005434002929 -0.078989045617114464 0.020818594388253404
leaf_weight=0.78875654217076696 0.049349029346475559 11.580381991414473 6.6836103156352253 0.57276980005452605 0.25853445444569512 0.58464258941239677 15.032136713025508 0.72639942841306038
leaf_count=288 478 24 1186 2560 128 13 917 20
internal_value=-0.0512193 -0.0343741 0.00369819 -0.27514 -0.343274 -0.37561 -0.0742122 -0.0142574
internal_weight=36.2766 34.8113 18.264 1.4653 0.892526 0.633992 16.5473 1.51516
internal_count=5614 2435 1210 3179 619 491 1225 308
is_linear=0
shrinkage=0.05


Tree=39
num_leaves=16
num_cat=0
split_feature=14 6 6 4 4 6 32 2 2 1 17 17 30 6 22
split_gain=57.1271 23.1938 11.5964 9.43518 6.43306 2.32179 2.25012 1.51624 1.04675 0.828002 0.336265 0.114286 0.087327 0.0862654 0.0334637
threshold=1.5000000000000002 251.99500000000003 523.70000000000016 566.33960854283794 643.21068782251734 220.19500000000002 0.63221446510253221 502.57500000000005 484.73000000000002 214.34500000000006 339.36000000000007 497400.07000000007 564.08833333333337 -271.96999999999997 -685.99999999999989
decision_type=10 2 2 2 2 2 10 2 2 2 10 8 8 2 10
left_child=1 7 4 5 -3 6 9 8 -1 -2 -11 12 -12 -14 -15
right_child=3 2 -4 -5 -6 -7 -8 -9 -10 10 11 -13 13 14 -16
leaf_value=-0.036395891005242313 -0.0012683154858668837 -0.063226958252753929 -0.061283150417008783 -0.015463610195614527 0.045809183141521916 -0.0041452051045869631 -0.028323944831647369 -0.074599409725734311 0.020711589504295271 -0.00051417196162956223 -0.0001332710722251767 -0.00017476380145172875 -0.00013129018467572168 -5.0935680750543968e-05 -0.34089229358327189
leaf_weight=0.58745797756230034 0.0260160127908734 0.64759893519929512 3.13879651809017 0.4475836645980279 11.083748492362279 0.090369872004402718 0.26584306382593759 16.397561613700226 0.70797197036565906 0.010386382565627739 0.0026716878937805824 0.0035067718991962362 0.0026322376966864116 0.0010193911646746425 1.1083946817492436
leaf_count=237 75 99 856 1948 78 329 175 1137 5 48 12 18 39 5 528
internal_value=-0.0537229 -0.0335045 0.0123336 -0.264941 0.0352967 -0.303254 -0.312709 -0.0706281 -0.00975945 -0.334651 -0.33813 -0.339542 -0.340023 -0.340389 -0.340752
internal_weight=34.5216 32.5631 14.8701 1.95842 11.7313 1.51084 1.42047 17.693 1.29543 1.15463 1.12861 1.11822 1.11472 1.11205 1.10941
internal_count=5589 2412 1033 3177 177 1229 900 1379 242 725 650 602 584 572 533
is_linear=0
shrinkage=0.05


Tree=40
num_leaves=10
num_cat=0
split_feature=3 3 2 2 16 4 3 32 4
split_gain=48.5366 50.2301 12.9667 14.0095 2.7318 2.09063 1.85493 0.413443 0.105444
threshold=220.13878757663051 214.02840277777781 6514.7250000000004 7909.0000000000009 864.99500000000012 212.8524527809827 1397.8612500000002 0.62833235388445985 207.69585667053079
decision_type=2 2 2 2 2 2 2 10 2
left_child=1 5 -2 4 -4 8 -6 -3 -1
right_child=2 7 3 -5 6 -7 -8 -9 -10
leaf_value=-0.0049474312565971294 -0.060930072252107614 -0.36002114966215903 -0.036309589493718306 -0.058922762543450996 0.045742626370849679 -0.057320210680731135 -0.022339457448586626 -0.0518749399920998 0.020389731645540858
leaf_weight=0.10977606016986463 11.914651886537852 1.441509903294081 0.49778275279982409 4.7937551202677318 10.576762606235111 2.8337404145468494 0.50999784051964603 0.39385114610195149 0.69518454506680882
leaf_count=728 1505 22 11 2882 74 321 75 2 13
internal_value=-0.0526021 -0.176393 -0.0234473 0.00575724 0.0350776 -0.0411057 0.0410217 -0.335513 0.0161077
internal_weight=33.767 5.47406 28.293 16.3783 11.5845 3.6387 11.0868 1.83536 0.804961
internal_count=5633 1086 4547 3042 160 1062 149 24 741
is_linear=0
shrinkage=0.05


Tree=41
num_leaves=8
num_cat=0
split_feature=14 3 3 3 3 2 13
split_gain=38.5475 17.0696 19.5009 7.24623 1.42788 1.12686 1.11245
threshold=1.5000000000000002 1287.2345634920637 1338.737272727273 220.13878757663051 214.02840277777781 502.57500000000005 11.500000000000002
decision_type=10 2 2 2 2 2 2
left_child=1 5 -3 4 -2 6 -1
right_child=3 2 -4 -5 -6 -7 -8
leaf_value=-0.03811443008015121 -0.0038202456533149355 0.045609906087064264 -0.061463382335576335 -0.017220790131780812 -0.26699383100847085 -0.071874707559446374 0.020077626345456151
leaf_weight=0.7596895705622202 0.082693589835674541 10.100305925011069 5.8981015199911786 0.52516606917573438 1.3501840960525442 13.873275012731998 0.68278140191068815
leaf_count=284 595 23 1195 2578 15 913 20
internal_value=-0.0489574 -0.0315649 0.00484182 -0.222406 -0.259619 -0.0675602 -0.0136269
internal_weight=33.2722 31.3142 15.9984 1.95804 1.43288 15.3157 1.44247
internal_count=5623 2435 1218 3188 610 1217 304
is_linear=0
shrinkage=0.05


Tree=42
num_leaves=8
num_cat=1
split_feature=3 3 36 3 2 32 2
split_gain=35.5958 35.2819 11.2033 5.57767 1.93797 1.6798 0.0845771
threshold=220.13878757663051 214.02840277777781 0 1287.2345634920637 502.57500000000005 0.62833235388445985 484.73000000000002
decision_type=2 2 9 2 2 10 2
left_child=1 4 3 -2 6 -3 -1
right_child=2 5 -4 -5 -6 -7 -8
leaf_value=-0.0041231578094588555 -0.03895885788655061 -0.31978299092377555 -0.038473788155241093 0.040670995387014713 -0.055127173645420774 -0.045484039204420165 0.019980828600540318
leaf_weight=0.089845309299072862 1.8954673595639793 1.3171756034600122 14.818108455306477 10.162212586841152 2.7642165182418608 0.44273348152637471 0.66582836805901024
leaf_count=393 158 19 4294 80 669 2 2
internal_value=-0.0493878 -0.156905 -0.0233947 0.0147966 -0.0395407 -0.292261 0.0163988
internal_weight=32.1556 5.2798 26.8758 12.0577 3.51989 1.75991 0.755674
internal_count=5617 1085 4532 238 1064 21 395
cat_boundaries=0 1
cat_threshold=524288
is_linear=0
shrinkage=0.05


end of trees

feature_importances:
spend_mean=129
spend_std=75
spend_min=66
spend_abs_sum=41
spend_sum_lag1=41
tx_count_lag2=35
spend_max=17
spend_sum_lag2=14
spend_abs_sum_lag1=14
tx_count=13
tx_count_lag1=11
spend_sum_delta_1m=10
spend_abs_sum_cv_3m=10
spend_sum=8
spend_abs_sum_lag2=6
is_unmanaged_t=5
tx_count_mean_3m=5
unique_companies=3
is_managed=3
spend_sum_cv_3m=3
vendor_type=3
tx_count_lag3=2
spend_abs_sum_lag3=2
tx_count_delta_1m=2
tx_count_cv_3m=2
spend_abs_sum_mean_3m=2
unique_categories=1
spend_abs_sum_std_3m=1

parameters:
[boosting: gbdt]
[objective: binary]
[metric: auc]
[tree_learner: serial]
[device_type: cpu]
[data_sample_strategy: bagging]
[data: ]
[valid: ]
[num_iterations: 2000]
[learning_rate: 0.05]
[num_leaves: 63]
[num_threads: 0]
[seed: 42]
[deterministic: 0]
[force_col_wise: 0]
[force_row_wise: 0]
[histogram_pool_size: -1]
[max_depth: -1]
[min_data_in_leaf: 5]
[min_sum_hessian_in_leaf: 0.001]
[bagging_fraction: 0.9]
[pos_bagging_fraction: 1]
[neg_bagging_fraction: 1]
[bagging_freq: 1]
[bagging_seed: 400]
[bagging_by_query: 0]
[feature_fraction: 0.9]
[feature_fraction_bynode: 1]
[feature_fraction_seed: 30056]
[extra_trees: 0]
[extra_seed: 12879]
[early_stopping_round: 0]
[early_stopping_min_delta: 0]
[first_metric_only: 0]
[max_delta_step: 0]
[lambda_l1: 0]
[lambda_l2: 1]
[linear_lambda: 0]
[min_gain_to_split: 0]
[drop_rate: 0.1]
[max_drop: 50]
[skip_drop: 0.5]
[xgboost_dart_mode: 0]
[uniform_drop: 0]
[drop_seed: 17869]
[top_rate: 0.2]
[other_rate: 0.1]
[min_data_per_group: 100]
[max_cat_threshold: 32]
[cat_l2: 10]
[cat_smooth: 10]
[max_cat_to_onehot: 4]
[top_k: 20]
[monotone_constraints: ]
[monotone_constraints_method: basic]
[monotone_penalty: 0]
[feature_contri: ]
[forcedsplits_filename: ]
[refit_decay_rate: 0.9]
[cegb_tradeoff: 1]
[cegb_penalty_split: 0]
[cegb_penalty_feature_lazy: ]
[cegb_penalty_feature_coupled: ]
[path_smooth: 0]
[interaction_constraints: ]
[verbosity: -1]
[saved_feature_importance_type: 0]
[use_quantized_grad: 0]
[num_grad_quant_bins: 4]
[quant_train_renew_leaf: 0]
[stochastic_rounding: 1]
[linear_tree: 0]
[max_bin: 255]
[max_bin_by_feature: ]
[min_data_in_bin: 3]
[bin_construct_sample_cnt: 200000]
[data_random_seed: 175]
[is_enable_sparse: 1]
[enable_bundle: 1]
[use_missing: 1]
[zero_as_missing: 0]
[feature_pre_filter: 1]
[pre_partition: 0]
[two_round: 0]
[header: 0]
[label_column: ]
[weight_column: ]
[group_column: ]
[ignore_column: ]
[categorical_feature: 35,36]
[forcedbins_filename: ]
[precise_float_parser: 0]
[parser_config_file: ]
[objective_seed: 16083]
[num_class: 1]
[is_unbalance: 0]
[scale_pos_weight: 1558.25]
[sigmoid: 1]
[boost_from_average: 1]
[reg_sqrt: 0]
[alpha: 0.9]
[fair_c: 1]
[poisson_max_delta_step: 0.7]
[tweedie_variance_power: 1.5]
[lambdarank_truncation_level: 30]
[lambdarank_norm: 1]
[label_gain: ]
[lambdarank_position_bias_regularization: 0]
[eval_at: ]
[multi_error_top_k: 1]
[auc_mu_weights: ]
[num_machines: 1]
[local_listen_port: 12400]
[time_out: 120]
[machine_list_filename: ]
[machines: ]
[gpu_platform_id: -1]
[gpu_device_id: -1]
[gpu_use_dp: 0]
[num_gpu: 1]

end of parameters

pandas_categorical:[["BE", "CA", "CH", "CO", "DE", "DK", "ES", "FR", "GB", "IT", "JP", "MX", "NL", "US"], ["Advertising", "Bank", "Brokers", "Co-Packer", "Consulting", "Contractor/Temps", "Customer", "Equipment", "Equipment Rental", "Freight", "Graphics", "Growers", "Insurance", "Intercompany", "Inventory", "Legal", "Maintenance", "Medical", "Municipalities", "Parts", "Rent", "Service", "Supplies", "Telecommunications", "Utilities"]]
